a = load('PlatoonParameter.mat')

a = 

           Mass: [7x1 double]
            Tao: [7x1 double]
        Num_veh: 7
       Tim_step: 0.1000
       Time_sim: 10
       Num_step: 100
              f: 0.0100
            Eta: 0.9600
              g: 9.8000
             Ca: [7x1 double]
              R: [7x1 double]
         AccMax: 6
         AccMin: -6
    Torquebound: [7x2 double]
              i: 7

Mass =

   1.0e+03 *

    1.0357
    1.8491
    1.9340
    1.6787
    1.7577
    1.7431
    1.3922

Tao =

    0.5107
    0.7547
    0.7802
    0.7036
    0.7273
    0.7229
    0.6177

Ca =

    0.9871
    1.1498
    1.1668
    1.1157
    1.1315
    1.1286
    1.0584

R =

    0.3036
    0.3849
    0.3934
    0.3679
    0.3758
    0.3743
    0.3392

Torquebound =

   1.0e+03 *

   -1.9651    1.9651
   -4.4485    4.4485
   -4.7552    4.7552
   -3.8598    3.8598
   -4.1282    4.1282
   -4.0780    4.0780
   -2.9517    2.9517



